2021/03/27-06:50:18.199834 7f889693eb30 RocksDB version: 6.10.0
2021/03/27-06:50:18.199859 7f889693eb30 Git sha rocksdb_build_git_sha:@@GIT_SHA@@
2021/03/27-06:50:18.199861 7f889693eb30 Compile date Feb 18 2021
2021/03/27-06:50:18.199866 7f889693eb30 DB SUMMARY
2021/03/27-06:50:18.199884 7f889693eb30 CURRENT file:  CURRENT
2021/03/27-06:50:18.199885 7f889693eb30 IDENTITY file:  IDENTITY
2021/03/27-06:50:18.199889 7f889693eb30 MANIFEST file:  MANIFEST-000011 size: 59 Bytes
2021/03/27-06:50:18.199891 7f889693eb30 SST files in /home/zap598344/g345169/gta5-fivem/server-data/db/default dir, Total Num: 0, files: 
2021/03/27-06:50:18.199893 7f889693eb30 Write Ahead Log file in /home/zap598344/g345169/gta5-fivem/server-data/db/default: 000012.log size: 0 ; 
2021/03/27-06:50:18.199895 7f889693eb30                         Options.error_if_exists: 0
2021/03/27-06:50:18.199897 7f889693eb30                       Options.create_if_missing: 1
2021/03/27-06:50:18.199899 7f889693eb30                         Options.paranoid_checks: 1
2021/03/27-06:50:18.199900 7f889693eb30                                     Options.env: 0x7f8898222f48
2021/03/27-06:50:18.199903 7f889693eb30                                      Options.fs: Posix File System
2021/03/27-06:50:18.199905 7f889693eb30                                Options.info_log: 0x7f886ea7dcf0
2021/03/27-06:50:18.199907 7f889693eb30                Options.max_file_opening_threads: 16
2021/03/27-06:50:18.199908 7f889693eb30                              Options.statistics: 0
2021/03/27-06:50:18.199910 7f889693eb30                               Options.use_fsync: 0
2021/03/27-06:50:18.199911 7f889693eb30                       Options.max_log_file_size: 0
2021/03/27-06:50:18.199913 7f889693eb30                  Options.max_manifest_file_size: 1073741824
2021/03/27-06:50:18.199914 7f889693eb30                   Options.log_file_time_to_roll: 0
2021/03/27-06:50:18.199916 7f889693eb30                       Options.keep_log_file_num: 1000
2021/03/27-06:50:18.199917 7f889693eb30                    Options.recycle_log_file_num: 0
2021/03/27-06:50:18.199919 7f889693eb30                         Options.allow_fallocate: 1
2021/03/27-06:50:18.199921 7f889693eb30                        Options.allow_mmap_reads: 0
2021/03/27-06:50:18.199923 7f889693eb30                       Options.allow_mmap_writes: 0
2021/03/27-06:50:18.199924 7f889693eb30                        Options.use_direct_reads: 0
2021/03/27-06:50:18.199926 7f889693eb30                        Options.use_direct_io_for_flush_and_compaction: 0
2021/03/27-06:50:18.199928 7f889693eb30          Options.create_missing_column_families: 0
2021/03/27-06:50:18.199929 7f889693eb30                              Options.db_log_dir: 
2021/03/27-06:50:18.199931 7f889693eb30                                 Options.wal_dir: /home/zap598344/g345169/gta5-fivem/server-data/db/default
2021/03/27-06:50:18.199932 7f889693eb30                Options.table_cache_numshardbits: 6
2021/03/27-06:50:18.199934 7f889693eb30                      Options.max_subcompactions: 1
2021/03/27-06:50:18.199936 7f889693eb30                         Options.WAL_ttl_seconds: 0
2021/03/27-06:50:18.199938 7f889693eb30                       Options.WAL_size_limit_MB: 0
2021/03/27-06:50:18.199942 7f889693eb30                        Options.max_write_batch_group_size_bytes: 1048576
2021/03/27-06:50:18.199944 7f889693eb30             Options.manifest_preallocation_size: 4194304
2021/03/27-06:50:18.199946 7f889693eb30                     Options.is_fd_close_on_exec: 1
2021/03/27-06:50:18.199948 7f889693eb30                   Options.advise_random_on_open: 1
2021/03/27-06:50:18.199950 7f889693eb30                    Options.db_write_buffer_size: 0
2021/03/27-06:50:18.199951 7f889693eb30                    Options.write_buffer_manager: 0x7f886ead3e30
2021/03/27-06:50:18.199953 7f889693eb30         Options.access_hint_on_compaction_start: 1
2021/03/27-06:50:18.199954 7f889693eb30  Options.new_table_reader_for_compaction_inputs: 0
2021/03/27-06:50:18.199956 7f889693eb30           Options.random_access_max_buffer_size: 1048576
2021/03/27-06:50:18.199958 7f889693eb30                      Options.use_adaptive_mutex: 0
2021/03/27-06:50:18.199960 7f889693eb30                            Options.rate_limiter: 0
2021/03/27-06:50:18.199967 7f889693eb30     Options.sst_file_manager.rate_bytes_per_sec: 0
2021/03/27-06:50:18.199970 7f889693eb30                       Options.wal_recovery_mode: 2
2021/03/27-06:50:18.199972 7f889693eb30                  Options.enable_thread_tracking: 0
2021/03/27-06:50:18.199974 7f889693eb30                  Options.enable_pipelined_write: 0
2021/03/27-06:50:18.199975 7f889693eb30                  Options.unordered_write: 0
2021/03/27-06:50:18.199978 7f889693eb30         Options.allow_concurrent_memtable_write: 1
2021/03/27-06:50:18.199980 7f889693eb30      Options.enable_write_thread_adaptive_yield: 1
2021/03/27-06:50:18.199982 7f889693eb30             Options.write_thread_max_yield_usec: 100
2021/03/27-06:50:18.199984 7f889693eb30            Options.write_thread_slow_yield_usec: 3
2021/03/27-06:50:18.199986 7f889693eb30                               Options.row_cache: None
2021/03/27-06:50:18.199988 7f889693eb30                              Options.wal_filter: None
2021/03/27-06:50:18.199990 7f889693eb30             Options.avoid_flush_during_recovery: 0
2021/03/27-06:50:18.199994 7f889693eb30             Options.allow_ingest_behind: 0
2021/03/27-06:50:18.199995 7f889693eb30             Options.preserve_deletes: 0
2021/03/27-06:50:18.199998 7f889693eb30             Options.two_write_queues: 0
2021/03/27-06:50:18.199999 7f889693eb30             Options.manual_wal_flush: 0
2021/03/27-06:50:18.200001 7f889693eb30             Options.atomic_flush: 0
2021/03/27-06:50:18.200002 7f889693eb30             Options.avoid_unnecessary_blocking_io: 0
2021/03/27-06:50:18.200004 7f889693eb30                 Options.persist_stats_to_disk: 0
2021/03/27-06:50:18.200005 7f889693eb30                 Options.write_dbid_to_manifest: 0
2021/03/27-06:50:18.200007 7f889693eb30                 Options.log_readahead_size: 0
2021/03/27-06:50:18.200008 7f889693eb30                 Options.file_checksum_gen_factory: Unknown
2021/03/27-06:50:18.200010 7f889693eb30                 Options.best_efforts_recovery: 0
2021/03/27-06:50:18.200011 7f889693eb30             Options.max_background_jobs: 2
2021/03/27-06:50:18.200014 7f889693eb30             Options.max_background_compactions: -1
2021/03/27-06:50:18.200016 7f889693eb30             Options.avoid_flush_during_shutdown: 0
2021/03/27-06:50:18.200017 7f889693eb30           Options.writable_file_max_buffer_size: 1048576
2021/03/27-06:50:18.200019 7f889693eb30             Options.delayed_write_rate : 16777216
2021/03/27-06:50:18.200020 7f889693eb30             Options.max_total_wal_size: 0
2021/03/27-06:50:18.200022 7f889693eb30             Options.delete_obsolete_files_period_micros: 21600000000
2021/03/27-06:50:18.200024 7f889693eb30                   Options.stats_dump_period_sec: 600
2021/03/27-06:50:18.200026 7f889693eb30                 Options.stats_persist_period_sec: 600
2021/03/27-06:50:18.200028 7f889693eb30                 Options.stats_history_buffer_size: 1048576
2021/03/27-06:50:18.200030 7f889693eb30                          Options.max_open_files: -1
2021/03/27-06:50:18.200031 7f889693eb30                          Options.bytes_per_sync: 0
2021/03/27-06:50:18.200034 7f889693eb30                      Options.wal_bytes_per_sync: 0
2021/03/27-06:50:18.200036 7f889693eb30                   Options.strict_bytes_per_sync: 0
2021/03/27-06:50:18.200037 7f889693eb30       Options.compaction_readahead_size: 0
2021/03/27-06:50:18.200038 7f889693eb30                  Options.max_background_flushes: -1
2021/03/27-06:50:18.200040 7f889693eb30 Compression algorithms supported:
2021/03/27-06:50:18.200042 7f889693eb30 	kZSTDNotFinalCompression supported: 0
2021/03/27-06:50:18.200044 7f889693eb30 	kZSTD supported: 0
2021/03/27-06:50:18.200045 7f889693eb30 	kXpressCompression supported: 0
2021/03/27-06:50:18.200047 7f889693eb30 	kLZ4HCCompression supported: 1
2021/03/27-06:50:18.200048 7f889693eb30 	kLZ4Compression supported: 1
2021/03/27-06:50:18.200050 7f889693eb30 	kBZip2Compression supported: 0
2021/03/27-06:50:18.200052 7f889693eb30 	kZlibCompression supported: 1
2021/03/27-06:50:18.200054 7f889693eb30 	kSnappyCompression supported: 0
2021/03/27-06:50:18.200058 7f889693eb30 Fast CRC32 supported: Not supported on x86
2021/03/27-06:50:18.200116 7f889693eb30 [db/version_set.cc:4515] Recovering from manifest file: /home/zap598344/g345169/gta5-fivem/server-data/db/default/MANIFEST-000011
2021/03/27-06:50:18.200188 7f889693eb30 [db/column_family.cc:579] --------------- Options for column family [default]:
2021/03/27-06:50:18.200190 7f889693eb30               Options.comparator: leveldb.BytewiseComparator
2021/03/27-06:50:18.200191 7f889693eb30           Options.merge_operator: None
2021/03/27-06:50:18.200193 7f889693eb30        Options.compaction_filter: None
2021/03/27-06:50:18.200194 7f889693eb30        Options.compaction_filter_factory: None
2021/03/27-06:50:18.200196 7f889693eb30         Options.memtable_factory: SkipListFactory
2021/03/27-06:50:18.200198 7f889693eb30            Options.table_factory: BlockBasedTable
2021/03/27-06:50:18.200235 7f889693eb30            table_factory options:   flush_block_policy_factory: FlushBlockBySizePolicyFactory (0x7f886ed25d40)
  cache_index_and_filter_blocks: 0
  cache_index_and_filter_blocks_with_high_priority: 1
  pin_l0_filter_and_index_blocks_in_cache: 0
  pin_top_level_index_and_filter: 1
  index_type: 0
  data_block_index_type: 0
  index_shortening: 1
  data_block_hash_table_util_ratio: 0.750000
  hash_index_allow_collision: 1
  checksum: 1
  no_block_cache: 0
  block_cache: 0x7f88825856e0
  block_cache_name: LRUCache
  block_cache_options:
    capacity : 8388608
    num_shard_bits : 4
    strict_capacity_limit : 0
    memory_allocator : None
    high_pri_pool_ratio: 0.000
  block_cache_compressed: 0
  persistent_cache: 0
  block_size: 4096
  block_size_deviation: 10
  block_restart_interval: 16
  index_block_restart_interval: 1
  metadata_block_size: 4096
  partition_filters: 0
  use_delta_encoding: 1
  filter_policy: nullptr
  whole_key_filtering: 1
  verify_compression: 0
  read_amp_bytes_per_bit: 0
  format_version: 4
  enable_index_compression: 1
  block_align: 0
2021/03/27-06:50:18.200246 7f889693eb30        Options.write_buffer_size: 67108864
2021/03/27-06:50:18.200248 7f889693eb30  Options.max_write_buffer_number: 2
2021/03/27-06:50:18.200249 7f889693eb30          Options.compression: LZ4
2021/03/27-06:50:18.200251 7f889693eb30                  Options.bottommost_compression: Disabled
2021/03/27-06:50:18.200253 7f889693eb30       Options.prefix_extractor: nullptr
2021/03/27-06:50:18.200254 7f889693eb30   Options.memtable_insert_with_hint_prefix_extractor: nullptr
2021/03/27-06:50:18.200256 7f889693eb30             Options.num_levels: 7
2021/03/27-06:50:18.200257 7f889693eb30        Options.min_write_buffer_number_to_merge: 1
2021/03/27-06:50:18.200259 7f889693eb30     Options.max_write_buffer_number_to_maintain: 0
2021/03/27-06:50:18.200261 7f889693eb30     Options.max_write_buffer_size_to_maintain: 0
2021/03/27-06:50:18.200263 7f889693eb30            Options.bottommost_compression_opts.window_bits: -14
2021/03/27-06:50:18.200265 7f889693eb30                  Options.bottommost_compression_opts.level: 32767
2021/03/27-06:50:18.200268 7f889693eb30               Options.bottommost_compression_opts.strategy: 0
2021/03/27-06:50:18.200270 7f889693eb30         Options.bottommost_compression_opts.max_dict_bytes: 0
2021/03/27-06:50:18.200271 7f889693eb30         Options.bottommost_compression_opts.zstd_max_train_bytes: 0
2021/03/27-06:50:18.200273 7f889693eb30         Options.bottommost_compression_opts.parallel_threads: 1
2021/03/27-06:50:18.200275 7f889693eb30                  Options.bottommost_compression_opts.enabled: false
2021/03/27-06:50:18.200276 7f889693eb30            Options.compression_opts.window_bits: -14
2021/03/27-06:50:18.200278 7f889693eb30                  Options.compression_opts.level: 32767
2021/03/27-06:50:18.200279 7f889693eb30               Options.compression_opts.strategy: 0
2021/03/27-06:50:18.200281 7f889693eb30         Options.compression_opts.max_dict_bytes: 0
2021/03/27-06:50:18.200282 7f889693eb30         Options.compression_opts.zstd_max_train_bytes: 0
2021/03/27-06:50:18.200284 7f889693eb30         Options.compression_opts.parallel_threads: 1
2021/03/27-06:50:18.200288 7f889693eb30                  Options.compression_opts.enabled: false
2021/03/27-06:50:18.200290 7f889693eb30      Options.level0_file_num_compaction_trigger: 4
2021/03/27-06:50:18.200292 7f889693eb30          Options.level0_slowdown_writes_trigger: 20
2021/03/27-06:50:18.200293 7f889693eb30              Options.level0_stop_writes_trigger: 36
2021/03/27-06:50:18.200295 7f889693eb30                   Options.target_file_size_base: 67108864
2021/03/27-06:50:18.200296 7f889693eb30             Options.target_file_size_multiplier: 1
2021/03/27-06:50:18.200298 7f889693eb30                Options.max_bytes_for_level_base: 268435456
2021/03/27-06:50:18.200299 7f889693eb30 Options.level_compaction_dynamic_level_bytes: 0
2021/03/27-06:50:18.200301 7f889693eb30          Options.max_bytes_for_level_multiplier: 10.000000
2021/03/27-06:50:18.200303 7f889693eb30 Options.max_bytes_for_level_multiplier_addtl[0]: 1
2021/03/27-06:50:18.200304 7f889693eb30 Options.max_bytes_for_level_multiplier_addtl[1]: 1
2021/03/27-06:50:18.200307 7f889693eb30 Options.max_bytes_for_level_multiplier_addtl[2]: 1
2021/03/27-06:50:18.200309 7f889693eb30 Options.max_bytes_for_level_multiplier_addtl[3]: 1
2021/03/27-06:50:18.200311 7f889693eb30 Options.max_bytes_for_level_multiplier_addtl[4]: 1
2021/03/27-06:50:18.200313 7f889693eb30 Options.max_bytes_for_level_multiplier_addtl[5]: 1
2021/03/27-06:50:18.200315 7f889693eb30 Options.max_bytes_for_level_multiplier_addtl[6]: 1
2021/03/27-06:50:18.200316 7f889693eb30       Options.max_sequential_skip_in_iterations: 8
2021/03/27-06:50:18.200318 7f889693eb30                    Options.max_compaction_bytes: 1677721600
2021/03/27-06:50:18.200320 7f889693eb30                        Options.arena_block_size: 8388608
2021/03/27-06:50:18.200322 7f889693eb30   Options.soft_pending_compaction_bytes_limit: 68719476736
2021/03/27-06:50:18.200324 7f889693eb30   Options.hard_pending_compaction_bytes_limit: 274877906944
2021/03/27-06:50:18.200326 7f889693eb30       Options.rate_limit_delay_max_milliseconds: 100
2021/03/27-06:50:18.200329 7f889693eb30                Options.disable_auto_compactions: 0
2021/03/27-06:50:18.200332 7f889693eb30                        Options.compaction_style: kCompactionStyleLevel
2021/03/27-06:50:18.200335 7f889693eb30                          Options.compaction_pri: kMinOverlappingRatio
2021/03/27-06:50:18.200336 7f889693eb30 Options.compaction_options_universal.size_ratio: 1
2021/03/27-06:50:18.200338 7f889693eb30 Options.compaction_options_universal.min_merge_width: 2
2021/03/27-06:50:18.200340 7f889693eb30 Options.compaction_options_universal.max_merge_width: 4294967295
2021/03/27-06:50:18.200342 7f889693eb30 Options.compaction_options_universal.max_size_amplification_percent: 200
2021/03/27-06:50:18.200344 7f889693eb30 Options.compaction_options_universal.compression_size_percent: -1
2021/03/27-06:50:18.200346 7f889693eb30 Options.compaction_options_universal.stop_style: kCompactionStopStyleTotalSize
2021/03/27-06:50:18.200348 7f889693eb30 Options.compaction_options_fifo.max_table_files_size: 1073741824
2021/03/27-06:50:18.200351 7f889693eb30 Options.compaction_options_fifo.allow_compaction: 0
2021/03/27-06:50:18.200359 7f889693eb30                   Options.table_properties_collectors: 
2021/03/27-06:50:18.200360 7f889693eb30                   Options.inplace_update_support: 0
2021/03/27-06:50:18.200362 7f889693eb30                 Options.inplace_update_num_locks: 10000
2021/03/27-06:50:18.200364 7f889693eb30               Options.memtable_prefix_bloom_size_ratio: 0.000000
2021/03/27-06:50:18.200365 7f889693eb30               Options.memtable_whole_key_filtering: 0
2021/03/27-06:50:18.200367 7f889693eb30   Options.memtable_huge_page_size: 0
2021/03/27-06:50:18.200369 7f889693eb30                           Options.bloom_locality: 0
2021/03/27-06:50:18.200383 7f889693eb30                    Options.max_successive_merges: 0
2021/03/27-06:50:18.200385 7f889693eb30                Options.optimize_filters_for_hits: 0
2021/03/27-06:50:18.200386 7f889693eb30                Options.paranoid_file_checks: 0
2021/03/27-06:50:18.200388 7f889693eb30                Options.force_consistency_checks: 0
2021/03/27-06:50:18.200394 7f889693eb30                Options.report_bg_io_stats: 0
2021/03/27-06:50:18.200396 7f889693eb30                               Options.ttl: 2592000
2021/03/27-06:50:18.200398 7f889693eb30          Options.periodic_compaction_seconds: 0
2021/03/27-06:50:18.200901 7f889693eb30 [db/version_set.cc:4672] Recovered from manifest file:/home/zap598344/g345169/gta5-fivem/server-data/db/default/MANIFEST-000011 succeeded,manifest_file_number is 11, next_file_number is 13, last_sequence is 0, log_number is 10,prev_log_number is 0,max_column_family is 0,min_log_number_to_keep is 0
2021/03/27-06:50:18.200907 7f889693eb30 [db/version_set.cc:4681] Column family [default] (ID 0), log number is 10
2021/03/27-06:50:18.200994 7f889693eb30 EVENT_LOG_v1 {"time_micros": 1616827818200989, "job": 1, "event": "recovery_started", "log_files": [12]}
2021/03/27-06:50:18.200998 7f889693eb30 [db/db_impl/db_impl_open.cc:774] Recovering log #12 mode 2
2021/03/27-06:50:18.201029 7f889693eb30 [db/version_set.cc:3920] Creating manifest 14
2021/03/27-06:50:18.205356 7f889693eb30 EVENT_LOG_v1 {"time_micros": 1616827818205350, "job": 1, "event": "recovery_finished"}
2021/03/27-06:50:18.205481 7f889693eb30 [file/delete_scheduler.cc:73] Deleted file /home/zap598344/g345169/gta5-fivem/server-data/db/default/000012.log immediately, rate_bytes_per_sec 0, total_trash_size 0 max_trash_db_ratio 0.250000
2021/03/27-06:50:18.208043 7f889693eb30 [db/db_impl/db_impl_open.cc:1576] SstFileManager instance 0x7f886eac2030
2021/03/27-06:50:18.208062 7f889693eb30 DB pointer 0x7f8871bed590
2021/03/27-06:50:18.208198 7f886d8fdb30 [db/db_impl/db_impl.cc:854] ------- DUMPING STATS -------
2021/03/27-06:50:18.208211 7f886d8fdb30 [db/db_impl/db_impl.cc:855] 
** DB Stats **
Uptime(secs): 0.0 total, 0.0 interval
Cumulative writes: 0 writes, 0 keys, 0 commit groups, 0.0 writes per commit group, ingest: 0.00 GB, 0.00 MB/s
Cumulative WAL: 0 writes, 0 syncs, 0.00 writes per sync, written: 0.00 GB, 0.00 MB/s
Cumulative stall: 00:00:0.000 H:M:S, 0.0 percent
Interval writes: 0 writes, 0 keys, 0 commit groups, 0.0 writes per commit group, ingest: 0.00 MB, 0.00 MB/s
Interval WAL: 0 writes, 0 syncs, 0.00 writes per sync, written: 0.00 MB, 0.00 MB/s
Interval stall: 00:00:0.000 H:M:S, 0.0 percent

** Compaction Stats [default] **
Level    Files   Size     Score Read(GB)  Rn(GB) Rnp1(GB) Write(GB) Wnew(GB) Moved(GB) W-Amp Rd(MB/s) Wr(MB/s) Comp(sec) CompMergeCPU(sec) Comp(cnt) Avg(sec) KeyIn KeyDrop
----------------------------------------------------------------------------------------------------------------------------------------------------------------------------
 Sum      0/0    0.00 KB   0.0      0.0     0.0      0.0       0.0      0.0       0.0   0.0      0.0      0.0      0.00              0.00         0    0.000       0      0
 Int      0/0    0.00 KB   0.0      0.0     0.0      0.0       0.0      0.0       0.0   0.0      0.0      0.0      0.00              0.00         0    0.000       0      0

** Compaction Stats [default] **
Priority    Files   Size     Score Read(GB)  Rn(GB) Rnp1(GB) Write(GB) Wnew(GB) Moved(GB) W-Amp Rd(MB/s) Wr(MB/s) Comp(sec) CompMergeCPU(sec) Comp(cnt) Avg(sec) KeyIn KeyDrop
-------------------------------------------------------------------------------------------------------------------------------------------------------------------------------
Uptime(secs): 0.0 total, 0.0 interval
Flush(GB): cumulative 0.000, interval 0.000
AddFile(GB): cumulative 0.000, interval 0.000
AddFile(Total Files): cumulative 0, interval 0
AddFile(L0 Files): cumulative 0, interval 0
AddFile(Keys): cumulative 0, interval 0
Cumulative compaction: 0.00 GB write, 0.00 MB/s write, 0.00 GB read, 0.00 MB/s read, 0.0 seconds
Interval compaction: 0.00 GB write, 0.00 MB/s write, 0.00 GB read, 0.00 MB/s read, 0.0 seconds
Stalls(count): 0 level0_slowdown, 0 level0_slowdown_with_compaction, 0 level0_numfiles, 0 level0_numfiles_with_compaction, 0 stop for pending_compaction_bytes, 0 slowdown for pending_compaction_bytes, 0 memtable_compaction, 0 memtable_slowdown, interval 0 total count

** File Read Latency Histogram By Level [default] **

** Compaction Stats [default] **
Level    Files   Size     Score Read(GB)  Rn(GB) Rnp1(GB) Write(GB) Wnew(GB) Moved(GB) W-Amp Rd(MB/s) Wr(MB/s) Comp(sec) CompMergeCPU(sec) Comp(cnt) Avg(sec) KeyIn KeyDrop
----------------------------------------------------------------------------------------------------------------------------------------------------------------------------
 Sum      0/0    0.00 KB   0.0      0.0     0.0      0.0       0.0      0.0       0.0   0.0      0.0      0.0      0.00              0.00         0    0.000       0      0
 Int      0/0    0.00 KB   0.0      0.0     0.0      0.0       0.0      0.0       0.0   0.0      0.0      0.0      0.00              0.00         0    0.000       0      0

** Compaction Stats [default] **
Priority    Files   Size     Score Read(GB)  Rn(GB) Rnp1(GB) Write(GB) Wnew(GB) Moved(GB) W-Amp Rd(MB/s) Wr(MB/s) Comp(sec) CompMergeCPU(sec) Comp(cnt) Avg(sec) KeyIn KeyDrop
-------------------------------------------------------------------------------------------------------------------------------------------------------------------------------
Uptime(secs): 0.0 total, 0.0 interval
Flush(GB): cumulative 0.000, interval 0.000
AddFile(GB): cumulative 0.000, interval 0.000
AddFile(Total Files): cumulative 0, interval 0
AddFile(L0 Files): cumulative 0, interval 0
AddFile(Keys): cumulative 0, interval 0
Cumulative compaction: 0.00 GB write, 0.00 MB/s write, 0.00 GB read, 0.00 MB/s read, 0.0 seconds
Interval compaction: 0.00 GB write, 0.00 MB/s write, 0.00 GB read, 0.00 MB/s read, 0.0 seconds
Stalls(count): 0 level0_slowdown, 0 level0_slowdown_with_compaction, 0 level0_numfiles, 0 level0_numfiles_with_compaction, 0 stop for pending_compaction_bytes, 0 slowdown for pending_compaction_bytes, 0 memtable_compaction, 0 memtable_slowdown, interval 0 total count

** File Read Latency Histogram By Level [default] **
2021/03/27-07:00:18.208378 7f886d8fdb30 [db/db_impl/db_impl.cc:854] ------- DUMPING STATS -------
2021/03/27-07:00:18.208417 7f886d8fdb30 [db/db_impl/db_impl.cc:855] 
** DB Stats **
Uptime(secs): 600.0 total, 600.0 interval
Cumulative writes: 0 writes, 0 keys, 0 commit groups, 0.0 writes per commit group, ingest: 0.00 GB, 0.00 MB/s
Cumulative WAL: 0 writes, 0 syncs, 0.00 writes per sync, written: 0.00 GB, 0.00 MB/s
Cumulative stall: 00:00:0.000 H:M:S, 0.0 percent
Interval writes: 0 writes, 0 keys, 0 commit groups, 0.0 writes per commit group, ingest: 0.00 MB, 0.00 MB/s
Interval WAL: 0 writes, 0 syncs, 0.00 writes per sync, written: 0.00 MB, 0.00 MB/s
Interval stall: 00:00:0.000 H:M:S, 0.0 percent

** Compaction Stats [default] **
Level    Files   Size     Score Read(GB)  Rn(GB) Rnp1(GB) Write(GB) Wnew(GB) Moved(GB) W-Amp Rd(MB/s) Wr(MB/s) Comp(sec) CompMergeCPU(sec) Comp(cnt) Avg(sec) KeyIn KeyDrop
----------------------------------------------------------------------------------------------------------------------------------------------------------------------------
 Sum      0/0    0.00 KB   0.0      0.0     0.0      0.0       0.0      0.0       0.0   0.0      0.0      0.0      0.00              0.00         0    0.000       0      0
 Int      0/0    0.00 KB   0.0      0.0     0.0      0.0       0.0      0.0       0.0   0.0      0.0      0.0      0.00              0.00         0    0.000       0      0

** Compaction Stats [default] **
Priority    Files   Size     Score Read(GB)  Rn(GB) Rnp1(GB) Write(GB) Wnew(GB) Moved(GB) W-Amp Rd(MB/s) Wr(MB/s) Comp(sec) CompMergeCPU(sec) Comp(cnt) Avg(sec) KeyIn KeyDrop
-------------------------------------------------------------------------------------------------------------------------------------------------------------------------------
Uptime(secs): 600.0 total, 600.0 interval
Flush(GB): cumulative 0.000, interval 0.000
AddFile(GB): cumulative 0.000, interval 0.000
AddFile(Total Files): cumulative 0, interval 0
AddFile(L0 Files): cumulative 0, interval 0
AddFile(Keys): cumulative 0, interval 0
Cumulative compaction: 0.00 GB write, 0.00 MB/s write, 0.00 GB read, 0.00 MB/s read, 0.0 seconds
Interval compaction: 0.00 GB write, 0.00 MB/s write, 0.00 GB read, 0.00 MB/s read, 0.0 seconds
Stalls(count): 0 level0_slowdown, 0 level0_slowdown_with_compaction, 0 level0_numfiles, 0 level0_numfiles_with_compaction, 0 stop for pending_compaction_bytes, 0 slowdown for pending_compaction_bytes, 0 memtable_compaction, 0 memtable_slowdown, interval 0 total count

** File Read Latency Histogram By Level [default] **

** Compaction Stats [default] **
Level    Files   Size     Score Read(GB)  Rn(GB) Rnp1(GB) Write(GB) Wnew(GB) Moved(GB) W-Amp Rd(MB/s) Wr(MB/s) Comp(sec) CompMergeCPU(sec) Comp(cnt) Avg(sec) KeyIn KeyDrop
----------------------------------------------------------------------------------------------------------------------------------------------------------------------------
 Sum      0/0    0.00 KB   0.0      0.0     0.0      0.0       0.0      0.0       0.0   0.0      0.0      0.0      0.00              0.00         0    0.000       0      0
 Int      0/0    0.00 KB   0.0      0.0     0.0      0.0       0.0      0.0       0.0   0.0      0.0      0.0      0.00              0.00         0    0.000       0      0

** Compaction Stats [default] **
Priority    Files   Size     Score Read(GB)  Rn(GB) Rnp1(GB) Write(GB) Wnew(GB) Moved(GB) W-Amp Rd(MB/s) Wr(MB/s) Comp(sec) CompMergeCPU(sec) Comp(cnt) Avg(sec) KeyIn KeyDrop
-------------------------------------------------------------------------------------------------------------------------------------------------------------------------------
Uptime(secs): 600.0 total, 0.0 interval
Flush(GB): cumulative 0.000, interval 0.000
AddFile(GB): cumulative 0.000, interval 0.000
AddFile(Total Files): cumulative 0, interval 0
AddFile(L0 Files): cumulative 0, interval 0
AddFile(Keys): cumulative 0, interval 0
Cumulative compaction: 0.00 GB write, 0.00 MB/s write, 0.00 GB read, 0.00 MB/s read, 0.0 seconds
Interval compaction: 0.00 GB write, 0.00 MB/s write, 0.00 GB read, 0.00 MB/s read, 0.0 seconds
Stalls(count): 0 level0_slowdown, 0 level0_slowdown_with_compaction, 0 level0_numfiles, 0 level0_numfiles_with_compaction, 0 stop for pending_compaction_bytes, 0 slowdown for pending_compaction_bytes, 0 memtable_compaction, 0 memtable_slowdown, interval 0 total count

** File Read Latency Histogram By Level [default] **
2021/03/27-07:10:18.208559 7f886d8fdb30 [db/db_impl/db_impl.cc:854] ------- DUMPING STATS -------
2021/03/27-07:10:18.208596 7f886d8fdb30 [db/db_impl/db_impl.cc:855] 
** DB Stats **
Uptime(secs): 1200.0 total, 600.0 interval
Cumulative writes: 0 writes, 0 keys, 0 commit groups, 0.0 writes per commit group, ingest: 0.00 GB, 0.00 MB/s
Cumulative WAL: 0 writes, 0 syncs, 0.00 writes per sync, written: 0.00 GB, 0.00 MB/s
Cumulative stall: 00:00:0.000 H:M:S, 0.0 percent
Interval writes: 0 writes, 0 keys, 0 commit groups, 0.0 writes per commit group, ingest: 0.00 MB, 0.00 MB/s
Interval WAL: 0 writes, 0 syncs, 0.00 writes per sync, written: 0.00 MB, 0.00 MB/s
Interval stall: 00:00:0.000 H:M:S, 0.0 percent

** Compaction Stats [default] **
Level    Files   Size     Score Read(GB)  Rn(GB) Rnp1(GB) Write(GB) Wnew(GB) Moved(GB) W-Amp Rd(MB/s) Wr(MB/s) Comp(sec) CompMergeCPU(sec) Comp(cnt) Avg(sec) KeyIn KeyDrop
----------------------------------------------------------------------------------------------------------------------------------------------------------------------------
 Sum      0/0    0.00 KB   0.0      0.0     0.0      0.0       0.0      0.0       0.0   0.0      0.0      0.0      0.00              0.00         0    0.000       0      0
 Int      0/0    0.00 KB   0.0      0.0     0.0      0.0       0.0      0.0       0.0   0.0      0.0      0.0      0.00              0.00         0    0.000       0      0

** Compaction Stats [default] **
Priority    Files   Size     Score Read(GB)  Rn(GB) Rnp1(GB) Write(GB) Wnew(GB) Moved(GB) W-Amp Rd(MB/s) Wr(MB/s) Comp(sec) CompMergeCPU(sec) Comp(cnt) Avg(sec) KeyIn KeyDrop
-------------------------------------------------------------------------------------------------------------------------------------------------------------------------------
Uptime(secs): 1200.0 total, 600.0 interval
Flush(GB): cumulative 0.000, interval 0.000
AddFile(GB): cumulative 0.000, interval 0.000
AddFile(Total Files): cumulative 0, interval 0
AddFile(L0 Files): cumulative 0, interval 0
AddFile(Keys): cumulative 0, interval 0
Cumulative compaction: 0.00 GB write, 0.00 MB/s write, 0.00 GB read, 0.00 MB/s read, 0.0 seconds
Interval compaction: 0.00 GB write, 0.00 MB/s write, 0.00 GB read, 0.00 MB/s read, 0.0 seconds
Stalls(count): 0 level0_slowdown, 0 level0_slowdown_with_compaction, 0 level0_numfiles, 0 level0_numfiles_with_compaction, 0 stop for pending_compaction_bytes, 0 slowdown for pending_compaction_bytes, 0 memtable_compaction, 0 memtable_slowdown, interval 0 total count

** File Read Latency Histogram By Level [default] **

** Compaction Stats [default] **
Level    Files   Size     Score Read(GB)  Rn(GB) Rnp1(GB) Write(GB) Wnew(GB) Moved(GB) W-Amp Rd(MB/s) Wr(MB/s) Comp(sec) CompMergeCPU(sec) Comp(cnt) Avg(sec) KeyIn KeyDrop
----------------------------------------------------------------------------------------------------------------------------------------------------------------------------
 Sum      0/0    0.00 KB   0.0      0.0     0.0      0.0       0.0      0.0       0.0   0.0      0.0      0.0      0.00              0.00         0    0.000       0      0
 Int      0/0    0.00 KB   0.0      0.0     0.0      0.0       0.0      0.0       0.0   0.0      0.0      0.0      0.00              0.00         0    0.000       0      0

** Compaction Stats [default] **
Priority    Files   Size     Score Read(GB)  Rn(GB) Rnp1(GB) Write(GB) Wnew(GB) Moved(GB) W-Amp Rd(MB/s) Wr(MB/s) Comp(sec) CompMergeCPU(sec) Comp(cnt) Avg(sec) KeyIn KeyDrop
-------------------------------------------------------------------------------------------------------------------------------------------------------------------------------
Uptime(secs): 1200.0 total, 0.0 interval
Flush(GB): cumulative 0.000, interval 0.000
AddFile(GB): cumulative 0.000, interval 0.000
AddFile(Total Files): cumulative 0, interval 0
AddFile(L0 Files): cumulative 0, interval 0
AddFile(Keys): cumulative 0, interval 0
Cumulative compaction: 0.00 GB write, 0.00 MB/s write, 0.00 GB read, 0.00 MB/s read, 0.0 seconds
Interval compaction: 0.00 GB write, 0.00 MB/s write, 0.00 GB read, 0.00 MB/s read, 0.0 seconds
Stalls(count): 0 level0_slowdown, 0 level0_slowdown_with_compaction, 0 level0_numfiles, 0 level0_numfiles_with_compaction, 0 stop for pending_compaction_bytes, 0 slowdown for pending_compaction_bytes, 0 memtable_compaction, 0 memtable_slowdown, interval 0 total count

** File Read Latency Histogram By Level [default] **
2021/03/27-07:20:18.208774 7f886d8fdb30 [db/db_impl/db_impl.cc:854] ------- DUMPING STATS -------
2021/03/27-07:20:18.208811 7f886d8fdb30 [db/db_impl/db_impl.cc:855] 
** DB Stats **
Uptime(secs): 1800.0 total, 600.0 interval
Cumulative writes: 0 writes, 0 keys, 0 commit groups, 0.0 writes per commit group, ingest: 0.00 GB, 0.00 MB/s
Cumulative WAL: 0 writes, 0 syncs, 0.00 writes per sync, written: 0.00 GB, 0.00 MB/s
Cumulative stall: 00:00:0.000 H:M:S, 0.0 percent
Interval writes: 0 writes, 0 keys, 0 commit groups, 0.0 writes per commit group, ingest: 0.00 MB, 0.00 MB/s
Interval WAL: 0 writes, 0 syncs, 0.00 writes per sync, written: 0.00 MB, 0.00 MB/s
Interval stall: 00:00:0.000 H:M:S, 0.0 percent

** Compaction Stats [default] **
Level    Files   Size     Score Read(GB)  Rn(GB) Rnp1(GB) Write(GB) Wnew(GB) Moved(GB) W-Amp Rd(MB/s) Wr(MB/s) Comp(sec) CompMergeCPU(sec) Comp(cnt) Avg(sec) KeyIn KeyDrop
----------------------------------------------------------------------------------------------------------------------------------------------------------------------------
 Sum      0/0    0.00 KB   0.0      0.0     0.0      0.0       0.0      0.0       0.0   0.0      0.0      0.0      0.00              0.00         0    0.000       0      0
 Int      0/0    0.00 KB   0.0      0.0     0.0      0.0       0.0      0.0       0.0   0.0      0.0      0.0      0.00              0.00         0    0.000       0      0

** Compaction Stats [default] **
Priority    Files   Size     Score Read(GB)  Rn(GB) Rnp1(GB) Write(GB) Wnew(GB) Moved(GB) W-Amp Rd(MB/s) Wr(MB/s) Comp(sec) CompMergeCPU(sec) Comp(cnt) Avg(sec) KeyIn KeyDrop
-------------------------------------------------------------------------------------------------------------------------------------------------------------------------------
Uptime(secs): 1800.0 total, 600.0 interval
Flush(GB): cumulative 0.000, interval 0.000
AddFile(GB): cumulative 0.000, interval 0.000
AddFile(Total Files): cumulative 0, interval 0
AddFile(L0 Files): cumulative 0, interval 0
AddFile(Keys): cumulative 0, interval 0
Cumulative compaction: 0.00 GB write, 0.00 MB/s write, 0.00 GB read, 0.00 MB/s read, 0.0 seconds
Interval compaction: 0.00 GB write, 0.00 MB/s write, 0.00 GB read, 0.00 MB/s read, 0.0 seconds
Stalls(count): 0 level0_slowdown, 0 level0_slowdown_with_compaction, 0 level0_numfiles, 0 level0_numfiles_with_compaction, 0 stop for pending_compaction_bytes, 0 slowdown for pending_compaction_bytes, 0 memtable_compaction, 0 memtable_slowdown, interval 0 total count

** File Read Latency Histogram By Level [default] **

** Compaction Stats [default] **
Level    Files   Size     Score Read(GB)  Rn(GB) Rnp1(GB) Write(GB) Wnew(GB) Moved(GB) W-Amp Rd(MB/s) Wr(MB/s) Comp(sec) CompMergeCPU(sec) Comp(cnt) Avg(sec) KeyIn KeyDrop
----------------------------------------------------------------------------------------------------------------------------------------------------------------------------
 Sum      0/0    0.00 KB   0.0      0.0     0.0      0.0       0.0      0.0       0.0   0.0      0.0      0.0      0.00              0.00         0    0.000       0      0
 Int      0/0    0.00 KB   0.0      0.0     0.0      0.0       0.0      0.0       0.0   0.0      0.0      0.0      0.00              0.00         0    0.000       0      0

** Compaction Stats [default] **
Priority    Files   Size     Score Read(GB)  Rn(GB) Rnp1(GB) Write(GB) Wnew(GB) Moved(GB) W-Amp Rd(MB/s) Wr(MB/s) Comp(sec) CompMergeCPU(sec) Comp(cnt) Avg(sec) KeyIn KeyDrop
-------------------------------------------------------------------------------------------------------------------------------------------------------------------------------
Uptime(secs): 1800.0 total, 0.0 interval
Flush(GB): cumulative 0.000, interval 0.000
AddFile(GB): cumulative 0.000, interval 0.000
AddFile(Total Files): cumulative 0, interval 0
AddFile(L0 Files): cumulative 0, interval 0
AddFile(Keys): cumulative 0, interval 0
Cumulative compaction: 0.00 GB write, 0.00 MB/s write, 0.00 GB read, 0.00 MB/s read, 0.0 seconds
Interval compaction: 0.00 GB write, 0.00 MB/s write, 0.00 GB read, 0.00 MB/s read, 0.0 seconds
Stalls(count): 0 level0_slowdown, 0 level0_slowdown_with_compaction, 0 level0_numfiles, 0 level0_numfiles_with_compaction, 0 stop for pending_compaction_bytes, 0 slowdown for pending_compaction_bytes, 0 memtable_compaction, 0 memtable_slowdown, interval 0 total count

** File Read Latency Histogram By Level [default] **
2021/03/27-07:30:18.208986 7f886d8fdb30 [db/db_impl/db_impl.cc:854] ------- DUMPING STATS -------
2021/03/27-07:30:18.209024 7f886d8fdb30 [db/db_impl/db_impl.cc:855] 
** DB Stats **
Uptime(secs): 2400.0 total, 600.0 interval
Cumulative writes: 0 writes, 0 keys, 0 commit groups, 0.0 writes per commit group, ingest: 0.00 GB, 0.00 MB/s
Cumulative WAL: 0 writes, 0 syncs, 0.00 writes per sync, written: 0.00 GB, 0.00 MB/s
Cumulative stall: 00:00:0.000 H:M:S, 0.0 percent
Interval writes: 0 writes, 0 keys, 0 commit groups, 0.0 writes per commit group, ingest: 0.00 MB, 0.00 MB/s
Interval WAL: 0 writes, 0 syncs, 0.00 writes per sync, written: 0.00 MB, 0.00 MB/s
Interval stall: 00:00:0.000 H:M:S, 0.0 percent

** Compaction Stats [default] **
Level    Files   Size     Score Read(GB)  Rn(GB) Rnp1(GB) Write(GB) Wnew(GB) Moved(GB) W-Amp Rd(MB/s) Wr(MB/s) Comp(sec) CompMergeCPU(sec) Comp(cnt) Avg(sec) KeyIn KeyDrop
----------------------------------------------------------------------------------------------------------------------------------------------------------------------------
 Sum      0/0    0.00 KB   0.0      0.0     0.0      0.0       0.0      0.0       0.0   0.0      0.0      0.0      0.00              0.00         0    0.000       0      0
 Int      0/0    0.00 KB   0.0      0.0     0.0      0.0       0.0      0.0       0.0   0.0      0.0      0.0      0.00              0.00         0    0.000       0      0

** Compaction Stats [default] **
Priority    Files   Size     Score Read(GB)  Rn(GB) Rnp1(GB) Write(GB) Wnew(GB) Moved(GB) W-Amp Rd(MB/s) Wr(MB/s) Comp(sec) CompMergeCPU(sec) Comp(cnt) Avg(sec) KeyIn KeyDrop
-------------------------------------------------------------------------------------------------------------------------------------------------------------------------------
Uptime(secs): 2400.0 total, 600.0 interval
Flush(GB): cumulative 0.000, interval 0.000
AddFile(GB): cumulative 0.000, interval 0.000
AddFile(Total Files): cumulative 0, interval 0
AddFile(L0 Files): cumulative 0, interval 0
AddFile(Keys): cumulative 0, interval 0
Cumulative compaction: 0.00 GB write, 0.00 MB/s write, 0.00 GB read, 0.00 MB/s read, 0.0 seconds
Interval compaction: 0.00 GB write, 0.00 MB/s write, 0.00 GB read, 0.00 MB/s read, 0.0 seconds
Stalls(count): 0 level0_slowdown, 0 level0_slowdown_with_compaction, 0 level0_numfiles, 0 level0_numfiles_with_compaction, 0 stop for pending_compaction_bytes, 0 slowdown for pending_compaction_bytes, 0 memtable_compaction, 0 memtable_slowdown, interval 0 total count

** File Read Latency Histogram By Level [default] **

** Compaction Stats [default] **
Level    Files   Size     Score Read(GB)  Rn(GB) Rnp1(GB) Write(GB) Wnew(GB) Moved(GB) W-Amp Rd(MB/s) Wr(MB/s) Comp(sec) CompMergeCPU(sec) Comp(cnt) Avg(sec) KeyIn KeyDrop
----------------------------------------------------------------------------------------------------------------------------------------------------------------------------
 Sum      0/0    0.00 KB   0.0      0.0     0.0      0.0       0.0      0.0       0.0   0.0      0.0      0.0      0.00              0.00         0    0.000       0      0
 Int      0/0    0.00 KB   0.0      0.0     0.0      0.0       0.0      0.0       0.0   0.0      0.0      0.0      0.00              0.00         0    0.000       0      0

** Compaction Stats [default] **
Priority    Files   Size     Score Read(GB)  Rn(GB) Rnp1(GB) Write(GB) Wnew(GB) Moved(GB) W-Amp Rd(MB/s) Wr(MB/s) Comp(sec) CompMergeCPU(sec) Comp(cnt) Avg(sec) KeyIn KeyDrop
